Python 3.11.9 (tags/v3.11.9:de54cf5, Apr  2 2024, 10:12:12) [MSC v.1938 64 bit (AMD64)] on win32
Type "help", "copyright", "credits" or "license()" for more information.

= RESTART: D:\202x\2025\Python\ProjectEuler\940\940-11.py
12586 269026
[1, 2] [1]
       2 2
       3 30
       5 276
       8 10396            5
       13 3544792
       21 805703683
       34 674353748
       55 1081563536
       89 553274803       10
       144 843774603
       233 402733276
       377 902099236
       610 468764768
       987 466892533      15
       1597 937685602
       2584 792740125
       4181 536088899
       6765 442783445
       10946 601029943
       17711 704289247
       28657 853199112    22
       46368 957737955
       75025 709946762
       121393 42856945    25
       196418 1031650190
       317811 1033599618
Обчислення 317811 1033599618
Обчислення 514229 1024208887
Обчислення 832040 635647660    30
Обчислення 1346269 6560850
Обчислення 2178309 279218488
Обчислення 3524578 1065372526





    Finished `dev` profile [unoptimized + debuginfo] target(s) in 0.68s
     Running `D:\202x\2025\Python\ProjectEuler\940\rust2\target\debug\rust2.exe`
k = 5
[0, 1, 1, 2, 3, 5]
k2= 6
[[0, 0, 0, 0, 0, 0], 
 [0, 0, 0, 0, 0, 0],
 [0, 0, 0, 0, 0, 0], 
 [0, 0, 0, 0, 0, 0], 
 [0, 0, 0, 0, 0, 0], 
 [0, 0, 0, 0, 0, 0]]



