[0, 1, 1, 2, 3, 5, 8, 13, 21, 34]
35
[1, 2, 3, 5, 8, 13, 21, 34]
1 	 1
2 	 3
3 	 10
4 	 33
5 	 109
6 	 360
7 	 1189
8 	 3927
9 	 12970
10 	 42837
11 	 141481
12 	 467280
13 	 1543321
14 	 5097243
15 	 16835050
16 	 55602393
17 	 183642229
18 	 606529080
19 	 879648156
20 	 998310922
21 	 503836983
22 	 262659245
23 	 168233405
24 	 767359460
25 	 223149159
26 	 313225624
27 	 39244718
28 	 430959778
29 	 208542739
30 	 1056587995
31 	 7562785
32 	 1079276350
33 	 998229209
34 	 703220038
0		1		1		4		7		19		40		97		217		508		1159		2683		6160		14209		32689		75316		173383		399331		919480		2117473		4875913		11228332	25856071	59541067	137109280	315732481	727060321	550676451	484694788	1013142828	220064566	1012330424	548942809	215190142	738437256	
1		2		5		11		26		59		137		314		725		1667		3842		8843		20369		46898		108005		248699		572714		1318811		3036953		6993386		16104245	37084403	85397138	196650347	452841761	1042792802	154155459	1035371239	374256303	109626081	108813677	437691920	764132951	953627398	998863625	
3		7		16		37		85		196		451		1039		2392		5509		12685		29212		67267		154903		356704		821413		1891525		4355764		10030339	23097631	53188648	122481541	282047485	649492108	372053250	73366948	65945385	286046229	483882384	218439758	546505597	78243558	594179036	828909710	364284192	
10		23		53		122		281		647		1490		3431		7901		18194		41897		96479		222170		511607		1178117		2712938		6247289		14386103	33127970	76286279	175670189	404529026	931539593	1021545358	445420198	139312333	351991614	769928613	702322142	764945355	624749155	672422594	299507433	69612589	968134888	
33		76		175		403		928		2137		4921		11332		26095		60091		138376		318649		733777		1689724		3891055		8960227		20633392	47514073	109414249	251956468	580199215	212487306	829503638	343384243	584732531	491303947	1121920227	348669442	343686184	266113197	173590436	971930027	369120022	1037747477	1021526230	
109		251		578		1331		3065		7058		16253		37427		86186		198467		457025		1052426		2423501		5580779		12851282	29593619	68147465	156928322	361370717	832155683	792686521	1041990944	49306568	928116774	1076036478	489642861	347008356	692355626	609799381	439703633	21939150	217468736	283286186	935692394	661969639	
360		829		1909		4396		10123		23311		53680		123613		284653		655492		1509451		3475927		8004280		18432061	42444901	97741084	225075787	518299039	69945087	501260891	711096152	1091297512	977423342	880571939	442098026	836651217	1039363982	178573694	1049503014	461642783	239407886	500754922	95397267	474080720	760272521	
1189		2738		6305		14519		33434		76991		177293		408266		940145		2164943		4985378		11480207	26436341	60876962	140185985	322816871	743374826	588244126	571205978	88775730	678812351	945139541	734413968	199088652	155167930	752433886	94356363	104495395	387564484	701050669	740162808	596152189	569477987	110771928	695624576	
3927		9043		20824		47953		110425		254284		585559		1348411		3105088		7150321		16465585	37916548	87313303	201062947	463002856	1066191697	208037639	35868791	659981708	767588081	500370579	555972196	933502620	354256582	907601816	846790249	198851758	492059879	1088615153	317632164	212733684	42048863	680249915	806396504	599983623	
12970		29867		68777		158378		364709		839843		1933970		4453499		10255409	23615906	54382133	125229851	288376250	664065803	405613240	150648023	243906430	695850499	303988476	144377347	1056342775	365893503	164177889	138277085	630810752	1045642007	690911637	457093719	282666004	530365848	254782547	722298778	363065106	282798814	248412819	
42837		98644		227155		523087		1204552		2773813		6387469		14708908	33871315	77998039	179611984	413606101	952442053	1069679043	556261263	394554453	939756929	999838975	448365823	77138809	298654965	530071392	302454974	769087837	552871446	612972331	24424043	739759723	813031852	785148395	977081325	1085363884	645863920	531211633	221640767	
141481		325799		750242		1727639		3978365		9161282		21096377	48580223	111869354	257610023	593218085	242466841	898539783	502358993	950815716	210730069	816014591	324623485	525504632	375793774	828726357	832526366	1071542811	198377970	42262464	637396374	764183766	429210262	474598934	638648407	938863896	607646491	53494240	752852400	913335120	
467280		1076041		2477881		5706004		13139647	30257659	69676600	160449577	369479377	850828108	835684926	17425311	277317463	329593396	37964472	1026744660	17056763	850128117	901298406	80938818	537671410	780487864	146339468	240640434	679658838	277998827	69812715	903809196	1113247341	453930990	422929074	661140731	806346640	542606207	714483501	
1543321		3553922		8183885		18845651	43397306	99934259	230126177	529928954	96726172	562931721	853110237	294742774	606910859	367557868	1064709132	1043801423	867184880	627845210	982237224	618610228	194577961	926827332	386979902	920299272	957657665	347811542	973621911	893475224	443597018	876860064	1084069805	343906058	225371534	133508395	809622997	
5097243		11737807	27029536	62242957	143331565	330060436	760055131	626655126	659657893	292460645	24271698	901653633	974468727	308685687	984929242	787404990	371448777	486501121	477266139	813188189	1121405293	190225921	183697861	754375624	181887894	197852140	743515822	213490929	196875769	837348556	304394550	569277592	358879929	943131392	896189866	
16835050	38767343	89272493	205574522	473392001	1090115567	263128944	162731706	952118538	316732343	925925331	752541047	159573101	170033616	648752919	35272454	857949898	963767260	166873015	811012169	188049901	373923782	938073485	936263518	379740034	941367962	957006751	410366698	1034224325	18161793	873672142	928157521	178430008	715739945	127448656	
55602393	128039836	294847015	678966523	439926255	229663198	425860650	1114850244	145269568	119076361	554885065	912114148	329606717	818786535	684025373	893222352	698135845	7058962		977885184	999062070	561973683	188415954	750755690	192422239	197526683	774793400	243792136	321009710	1052386118	891833935	678248350	1106587529	894169953	843188601	154954521	
183642229	422886851	973813538	1118892778	669589453	655523848	417129581	136538499	264345929	673961426	343417900	118139552	24811939	379230595	453666412	467776884	705194807	984944146	853365941	437454440	750389637	939171644	943177929	389948922	972320083	1018585536	564801846	249814515	820638740	446500972	661254566	877176169	613777241	998143122	592312219	
606529080	273119076	969125003	664900918	201531988	1072653429	553668080	400884428	938307355	1017379326	461557452	142951491	404042534	832897007	921443296	49390378	566557640	714728774	167239068	64262764	565979968	758768260	209545538	238687692	867324306	459806069	814616361	1070453255	143558399	1107755538	414849422	367372097	488339050	466874028	808309865	
879648156	118662766	510444608	866432906	150604104	502740196	954552508	215610470	832105368	355355465	604508943	546994025	113358228	630758990	970833674	615948018	157705101	881967842	231501832	630242732	201166915	968313798	448233230	1106011998	203549062	150841117	761488303	90430341	127732624	399023647	782221519	855711147	955213078	151602580	770079188	
998310922	629107374	253296201	1017037010	653344300	333711391	46581665	1047715838	63879520	959864408	27921655	660352253	744117218	478011351	463200379	773653119	1039672943	1113469674	861744564	831409647	45899400	292965715	430663915	185979747	354390179	912329420	851918644	218162965	526756271	57663853	514351353	687342912	1106815658	921681768	871384803	
503836983	882403575	146751898	546799997	987055691	380293056	1094297503	1111595358	1023743928	987786063	688273908	280888158	98547256	941211730	113272185	689744749	1029561304	851632925	569572898	877309047	338865115	723629630	616643662	540369926	143138286	640666751	1070081609	744919236	584420124	572015206	78112952	670577257	904916113	669485258	13489658	
262659245	1029155473	693551895	410274375	243767434	351009246	1082311548	1011757973	887948678	552478658	969162066	379435414	1039758986	1054483915	803016934	595724740	757612916	297624510	323300632	92592849	1062494745	216691979	33432275	683508212	783805037	587167047	691419532	205758047	32854017	650128158	748690209	451912057	450820058	682974916	911853777	
168233405	599126055	1103826270	654041809	594776680	309739481	970488208	776125338	316846023	398059411	225016167	295613087	970661588	733919536	275160361	229756343	1055237426	620925142	415893481	31506281	155605411	250124254	716940487	343731936	247390771	155005266	897177579	238612064	682982175	275237054	77020953	902732115	10213661	471247380	501888363	
767359460	579371012	634286766	125237176	904516161	156646376	623032233	1092971361	714905434	623075578	520629254	142693362	580999811	1009079897	504916704	161412456	552581255	1036818623	447399762	187111692	405729665	967064741	1060672423	591122707	402396037	1052182845	12208330	921594239	958219229	352258007	979753068	912945776	481461041	973135743	170356240	
223149159	90076465	759523942	1029753337	1061162537	779678609	592422281	684295482	214399699	20123519	663322616	723693173	466498395	390415288	666329160	713993711	465818565	360637072	634511454	592841357	249213093	904155851	528213817	993518744	330997569	1064391175	933802569	756232155	186895923	208429762	769117531	270825504	331015471	19910670	1012957083	
313225624	849600407	665695966	967334561	717259833	248519577	153136450	898695181	234523218	683446135	263434476	66610255	856913683	1056744448	256741558	56230963	826455637	995148526	103771498	842054450	29787631	308788355	398151248	200935000	271807431	874612431	566453411	943128078	395325685	977547293	1039943035	601840975	350926141	1032867753	962064863	
39244718	391715060	509449214	561013081	965779410	401656027	1051831631	9637086		917969353	946880611	330044731	923523938	790076818	189904693	312972521	882686600	698022850	1098920024	945825948	871842081	338575986	706939603	599086248	472742431	22838549	317484529	386000176	214872450	249291665	893909015	518202697	952767116	260212581	871351303	528407733	
430959778	901164274	1070462295	403211178	243854124	329906345	1061468717	927606439	741268651	153344029	129987356	590019443	979981511	502877214	72077808	457128137	673361561	921164659	694086716	86836754	1045515589	182444538	1071828679	495580980	340323078	703484705	600872626	464164115	19619367	288530399	347388500	89398384	7982571		276177723	300125436	
208542739	848045256	350092160	647065302	573760469	267793749	865493843	545293777	894612680	283331385	720006799	446419641	359277412	574955022	529205945	6908385		470944907	491670062	780923470	8771030		104378814	130691904	443828346	835904058	1043807783	180776018	1065036741	483783482	308149766	635918899	436786884	97380955	284160294	576303159	305202728	
1056587995	74556103	997157462	97244458	841554218	9706279		287206307	316325144	54362752	1003338184	42845127	805697053	934232434	1104160967	536114330	477853292	962614969	149012219	789694500	113149844	235070718	574520250	156151091	756130528	101002488	122231446	425238910	791933248	944068665	1072705783	534167839	381541249	860463453	881505887	92152307	
7562785		1071713565	1094401920	938798676	851260497	296912586	603531451	370687896	1057700936	1046183311	848542180	616348174	914812088	516693984	1013967622	316886948	1111627188	938706719	902844344	348220562	809590968	730671341	912281619	857133016	223233934	547470356	93590845	612420600	893193135	483292309	915709088	118423389	618388027	973658194	581659649	
1079276350	1042534172	909619283	666477860	24591770	900444037	974219347	304807519	980302934	771144178	341309041	407578949	307924759	407080293	207273257	304932823	926752594	717969750	127483593	34230217	416680996	519371647	645833322	1080366950	770704290	641061201	706011445	382032422	252904131	275420084	1034132477	736811416	468464908	431736530	713549941	
998229209	828572142	452515830	691069630	925035807	751082071	155445553	161529140	627865799	1112453219	748887990	715503708	715005052	614353550	512206080	108104104	521141031	845453343	161713810	450911213	936052643	41623656	602618959	727489927	288184178	223491333	1088043867	634936553	528324215	185971248	647362580	81695011	900201438	21705158	475146846	
703220038	157506659	20004147	492524124	552536565	906527624	316974693	789394939	616737705	737759896	340810385	306927447	205777289	2978317		620310184	629245135	243013061	1007167153	612625023	263382543	977676299	644242615	206527573	1015674105	511675511	187953887	599399107	39679455	714295463	833333828	729057591	981896449	921906596	496852004	1015409166	
16811701918
