
| m\n | 0  | 1  | 2   | 3    | 4     | 5      |
| --- | -- | -- | --- | ---- | ----- | ------ |
| 0   | 0  | 1  | 1   | 4    | 7     | 19     |
| 1   | 1  | 2  | 5   | 11   | 26    | 59     |
| 2   | 3  | 7  | 16  | 37   | 85    | 196    |
| 3   | 10 | 23 | 53  | 122  | 281   | 647    |
| 4   | 33 | 76 | 175 | 403  | 928   | 2137   |
| 5   | 109| 251| 578 | 1331 | 3065  | 7058   | 

2   1   2
3   2   30
4   3   276
5   5   10396
6   7   3544792
7   11  80579976906
8   18  885853752506388522
9   30  252046486824658971075353459036
10  48  803927267215445172340705356124471954912582856250
11  78  730567758070635773042359098660928876208999759574789831916038464447761978182560
         2 4 6 8 0 2 4 6 8 0 2 4 6 8 0 2 4 6 8 0 2 4 6  50 2 4 6 8 0 2 4 6 8 0 2 4 6 8
12
13



