Python 3.11.9 (tags/v3.11.9:de54cf5, Apr  2 2024, 10:12:12) [MSC v.1938 64 bit (AMD64)] on win32
Type "help", "copyright", "credits" or "license()" for more information.

= RESTART: D:\202x\2025\Python\ProjectEuler\940\940-11.py
12586269026
[1, 2] [1]
       2 2
       3 30
       5 276
       8 10396            5
       13 3544792
       21 805703683
       34 674353748
       55 1081563536
       89 553274803       10
       144 843774603
       233 402733276
       377 902099236
       610 468764768
       987 466892533      15
       1597 937685602
       2584 792740125
       4181 536088899
       6765 442783445
       10946 601029943
       17711 704289247
       28657 853199112    22
       46368 957737955
       75025 709946762
       121393 42856945
       196418 1031650190
       317811 1033599618

